10010
10020
10030
10040
10050
10060
10070
10080
10090
10100
10110
10120
10130
10140
10150
10160
10170
10180
10190
10200
10210
10220
10230
10240
10250
10260
10270
10280
10290
10300
10310
10320
10330
10340
10350
10360
10370
10380
10390
10400
10410
10420
10430
10440
10450
10460
10470
10480
10490
10500
10510
10520
10530
10540
10550
10560
10570
10580
10590
10600
20010
20020
20030
20040
20050
20060
20070
20075
20080
20090
20100
20110
20120
20130
20140
20150
20160
20170
20180
20190
20200
20210
20220
20230
20240
20250
20260
20270
20280
20290
20300
20310
20320
20330
20340
20350
20360
20370
20380
20390
20400
20410
30010
30020
30030
30040
30050
30060
30070
30080
30090
30100
30110
30120
30130
30140
30150
30160
30170
30180
30190
30200
40010
40020
40030
40040
40050
40060
40070
50010
50020
50030
50040
60010
60020
60030
60040
70010
70020
70030
70040
70050
70060
70070
70080
70090
70100
70110
70120
70130
70140
70150
70160
70170
70180
70190
70200
70210
80010
80020
80030
80040
80050
80060
80070
80080
80090
80100
80105
80110
80120
80130
80140
80150
80160
80170
80180
80190
80200
80210
80220
80230
80240
80250
80260
80270
80280
80290
80300
80310
80320
80330
80340
80350
90010
90020
90030
90040
90050
90060
90070
90080
90090
90100
90110
90120
90130
90140
90150
90160
90170
90180
90190
90200
90210
90220
90230
90240
90250
90260
90270
90280
90290
90300
90310
90320
90330
90340
90350
90360
90370
90380
90390
90400
90410
90420
90430
90440
90450
90460
90470
90480
90490
90500
90510
90520
100010
100020
100030
100040
100050
100060
100070
100080
100090
100100
100110
100120
100130
110010
110020
110030
110033
120010
120020
120030
120040
130010
130015
130020
140010
140020
140030
140040
140050
140060
140070
140080